2.341666668653488159e-01
6.762500405311584473e-01
8.962500095367431641e-01
9.497916698455810547e-01
9.704166650772094727e-01
9.814583659172058105e-01
9.868749976158142090e-01
9.902083277702331543e-01
9.916666746139526367e-01
9.960416555404663086e-01
9.958333373069763184e-01
9.977083206176757812e-01
9.987499713897705078e-01
9.970833063125610352e-01
9.977083206176757812e-01
9.981250166893005371e-01
9.975000023841857910e-01
9.995833635330200195e-01
9.972916841506958008e-01
9.997916817665100098e-01
9.985416531562805176e-01
9.993749856948852539e-01
9.970833063125610352e-01
9.977083206176757812e-01
9.995833039283752441e-01
9.991666674613952637e-01
9.995833635330200195e-01
9.995833635330200195e-01
9.993749856948852539e-01
9.995833635330200195e-01
9.993749856948852539e-01
9.993749856948852539e-01
1.000000000000000000e+00
1.000000000000000000e+00
1.000000000000000000e+00
1.000000000000000000e+00
9.997916817665100098e-01
9.997916817665100098e-01
1.000000000000000000e+00
1.000000000000000000e+00
1.000000000000000000e+00
9.997916817665100098e-01
1.000000000000000000e+00
1.000000000000000000e+00
1.000000000000000000e+00
1.000000000000000000e+00
1.000000000000000000e+00
1.000000000000000000e+00
1.000000000000000000e+00
1.000000000000000000e+00
